-1.7175 0.2695 2.7313 -179.5424 2.8586 -94.4266 
-1.7175 0.2695 2.7313 -179.5421 2.8592 -94.4260 
-1.7177 0.2694 2.7313 -179.5385 2.8584 -94.4212 
-1.7177 0.2694 2.7313 -179.5345 2.8584 -94.4204 
-1.7178 0.2693 2.7313 -179.5368 2.8589 -94.4217 
-1.7178 0.2693 2.7313 -179.5392 2.8590 -94.4225 
-1.7178 0.2694 2.7312 -179.5310 2.8596 -94.4147 
-1.7178 0.2694 2.7311 -179.5304 2.8601 -94.4147 
-1.7178 0.2694 2.7311 -179.5315 2.8589 -94.4160 
-1.7178 0.2694 2.7311 -179.5313 2.8577 -94.4155 
-1.7176 0.2694 2.7312 -179.5400 2.8588 -94.4278 
-1.7176 0.2694 2.7312 -179.5410 2.8602 -94.4243 
-1.7177 0.2694 2.7312 -179.5396 2.8612 -94.4217 
-1.7177 0.2694 2.7312 -179.5372 2.8610 -94.4239 
-1.7173 0.2695 2.7310 -179.5385 2.8596 -94.4273 
-1.7173 0.2695 2.7310 -179.5410 2.8619 -94.4289 
-1.7175 0.2695 2.7311 -179.5384 2.8604 -94.4256 
-1.7176 0.2695 2.7311 -179.5344 2.8606 -94.4209 
-1.7176 0.2695 2.7311 -179.5348 2.8608 -94.4218 
-1.7177 0.2694 2.7311 -179.5395 2.8606 -94.4236 
-1.7177 0.2695 2.7311 -179.5382 2.8602 -94.4210 
-1.7177 0.2695 2.7311 -179.5380 2.8602 -94.4202 
-1.7175 0.2695 2.7311 -179.5417 2.8621 -94.4263 
-1.7175 0.2694 2.7311 -179.5455 2.8624 -94.4247 
-1.7174 0.2694 2.7311 -179.5486 2.8622 -94.4276 
-1.7177 0.2693 2.7311 -179.5453 2.8624 -94.4232 
-1.7177 0.2693 2.7311 -179.5430 2.8626 -94.4204 
-1.7178 0.2694 2.7312 -179.5405 2.8631 -94.4198 
-1.7178 0.2694 2.7311 -179.5418 2.8630 -94.4219 
-1.7175 0.2695 2.7312 -179.5495 2.8654 -94.4326 
-1.7175 0.2695 2.7312 -179.5488 2.8636 -94.4308 
-1.7175 0.2694 2.7312 -179.5502 2.8656 -94.4297 
-1.7175 0.2694 2.7312 -179.5504 2.8655 -94.4318 
-1.7177 0.2693 2.7312 -179.5484 2.8639 -94.4283 
-1.7177 0.2693 2.7312 -179.5504 2.8627 -94.4286 
-1.7179 0.2693 2.7313 -179.5450 2.8635 -94.4243 
-1.7179 0.2693 2.7313 -179.5440 2.8626 -94.4254 
-1.7175 0.2695 2.7312 -179.5485 2.8635 -94.4322 
-1.7175 0.2695 2.7312 -179.5494 2.8652 -94.4327 
-1.7175 0.2694 2.7312 -179.5517 2.8655 -94.4317 
-1.7175 0.2694 2.7312 -179.5491 2.8651 -94.4292 
-1.7176 0.2694 2.7310 -179.5397 2.8642 -94.4210 
-1.7176 0.2694 2.7310 -179.5422 2.8637 -94.4253 
-1.7177 0.2693 2.7311 -179.5432 2.8641 -94.4250 
-1.7177 0.2693 2.7310 -179.5432 2.8644 -94.4206 
-1.7173 0.2694 2.7310 -179.5459 2.8653 -94.4256 
-1.7173 0.2694 2.7310 -179.5454 2.8653 -94.4269 
-1.7173 0.2693 2.7310 -179.5491 2.8652 -94.4288 
-1.7173 0.2693 2.7310 -179.5487 2.8660 -94.4286 
-1.7172 0.2693 2.7309 -179.5495 2.8654 -94.4253 
-1.7171 0.2694 2.7308 -179.5471 2.8686 -94.4252 
-1.7171 0.2694 2.7308 -179.5484 2.8687 -94.4292 
-1.7171 0.2694 2.7308 -179.5489 2.8676 -94.4291 
-1.7170 0.2695 2.7307 -179.5491 2.8677 -94.4278 
-1.7170 0.2695 2.7307 -179.5461 2.8685 -94.4245 
-1.7171 0.2694 2.7308 -179.5447 2.8684 -94.4256 
-1.7170 0.2694 2.7308 -179.5451 2.8679 -94.4287 
-1.7172 0.2693 2.7311 -179.5506 2.8691 -94.4366 
-1.7173 0.2692 2.7312 -179.5486 2.8697 -94.4355 
-1.7173 0.2692 2.7312 -179.5485 2.8693 -94.4343 
-1.7172 0.2693 2.7312 -179.5542 2.8680 -94.4415 
-1.7172 0.2693 2.7312 -179.5548 2.8709 -94.4446 
-1.7173 0.2693 2.7313 -179.5533 2.8710 -94.4452 
-1.7173 0.2693 2.7313 -179.5500 2.8703 -94.4443 
-1.7173 0.2693 2.7313 -179.5497 2.8704 -94.4402 
-1.7170 0.2695 2.7312 -179.5508 2.8691 -94.4436 
-1.7171 0.2694 2.7313 -179.5511 2.8690 -94.4428 
-1.7171 0.2694 2.7313 -179.5506 2.8684 -94.4409 
-1.7173 0.2694 2.7312 -179.5452 2.8655 -94.4331 
-1.7173 0.2694 2.7312 -179.5442 2.8681 -94.4346 
-1.7176 0.2694 2.7314 -179.5375 2.8683 -94.4356 
-1.7176 0.2694 2.7314 -179.5412 2.8684 -94.4367 
-1.7176 0.2694 2.7314 -179.5407 2.8669 -94.4357 
-1.7173 0.2696 2.7313 -179.5412 2.8681 -94.4359 
-1.7173 0.2695 2.7313 -179.5456 2.8682 -94.4405 
-1.7173 0.2695 2.7313 -179.5469 2.8675 -94.4398 
-1.7171 0.2696 2.7311 -179.5442 2.8650 -94.4342 
-1.7171 0.2696 2.7311 -179.5405 2.8637 -94.4296 
-1.7171 0.2697 2.7311 -179.5362 2.8630 -94.4305 
-1.7171 0.2697 2.7311 -179.5387 2.8649 -94.4337 
-1.7174 0.2696 2.7311 -179.5355 2.8650 -94.4280 
-1.7174 0.2696 2.7310 -179.5350 2.8623 -94.4296 
-1.7175 0.2696 2.7311 -179.5343 2.8601 -94.4291 
-1.7175 0.2696 2.7311 -179.5309 2.8609 -94.4289 
-1.7165 0.2697 2.7305 -179.5449 2.8715 -94.4293 
-1.7167 0.2697 2.7306 -179.5415 2.8697 -94.4286 
-1.7166 0.2697 2.7306 -179.5435 2.8693 -94.4324 
-1.7169 0.2696 2.7306 -179.5408 2.8669 -94.4283 
-1.7169 0.2696 2.7306 -179.5404 2.8677 -94.4243 
-1.7170 0.2695 2.7307 -179.5402 2.8678 -94.4224 
-1.7170 0.2695 2.7307 -179.5385 2.8686 -94.4247 
-1.7163 0.2697 2.7303 -179.5418 2.8660 -94.4302 
-1.7163 0.2697 2.7303 -179.5438 2.8645 -94.4326 
-1.7164 0.2698 2.7303 -179.5425 2.8651 -94.4299 
-1.7164 0.2698 2.7303 -179.5399 2.8651 -94.4262 
-1.7160 0.2699 2.7303 -179.5432 2.8658 -94.4312 
-1.7160 0.2699 2.7303 -179.5452 2.8657 -94.4354 
-1.7159 0.2698 2.7302 -179.5498 2.8655 -94.4335 
-1.7159 0.2698 2.7302 -179.5478 2.8660 -94.4301 
-1.7160 0.2698 2.7302 -179.5418 2.8671 -94.4221 
-1.7160 0.2700 2.7301 -179.5428 2.8686 -94.4256 
-1.7159 0.2700 2.7301 -179.5458 2.8675 -94.4266 
-1.7159 0.2700 2.7301 -179.5479 2.8666 -94.4285 
-1.7157 0.2701 2.7300 -179.5458 2.8669 -94.4246 
-1.7157 0.2701 2.7300 -179.5428 2.8666 -94.4244 
-1.7158 0.2700 2.7300 -179.5438 2.8668 -94.4282 
-1.7157 0.2700 2.7300 -179.5469 2.8652 -94.4310 
-1.7156 0.2700 2.7300 -179.5487 2.8661 -94.4305 
-1.7156 0.2700 2.7300 -179.5486 2.8669 -94.4269 
-1.7157 0.2701 2.7300 -179.5427 2.8661 -94.4262 
-1.7157 0.2701 2.7300 -179.5423 2.8658 -94.4255 
-1.7157 0.2701 2.7299 -179.5427 2.8659 -94.4272 
-1.7157 0.2701 2.7299 -179.5435 2.8644 -94.4269 
-1.7158 0.2700 2.7300 -179.5424 2.8634 -94.4264 
-1.7158 0.2700 2.7300 -179.5392 2.8647 -94.4252 
-1.7156 0.2701 2.7301 -179.5453 2.8651 -94.4355 
-1.7156 0.2701 2.7301 -179.5476 2.8650 -94.4365 
-1.7159 0.2702 2.7303 -179.5439 2.8631 -94.4327 
-1.7159 0.2702 2.7303 -179.5411 2.8647 -94.4319 
-1.7160 0.2701 2.7305 -179.5426 2.8653 -94.4354 
-1.7160 0.2702 2.7305 -179.5455 2.8664 -94.4375 
-1.7161 0.2700 2.7306 -179.5471 2.8659 -94.4373 
-1.7160 0.2700 2.7306 -179.5474 2.8661 -94.4353 
-1.7161 0.2700 2.7307 -179.5495 2.8669 -94.4376 
-1.7161 0.2700 2.7307 -179.5472 2.8664 -94.4383 
-1.7162 0.2699 2.7308 -179.5509 2.8661 -94.4402 
-1.7161 0.2699 2.7308 -179.5517 2.8658 -94.4403 
-1.7164 0.2698 2.7310 -179.5493 2.8667 -94.4377 
-1.7164 0.2698 2.7310 -179.5483 2.8657 -94.4361 
-1.7167 0.2697 2.7312 -179.5460 2.8668 -94.4377 
-1.7167 0.2698 2.7312 -179.5469 2.8667 -94.4416 
-1.7166 0.2698 2.7311 -179.5440 2.8655 -94.4383 
-1.7166 0.2698 2.7311 -179.5414 2.8657 -94.4355 
-1.7167 0.2697 2.7312 -179.5429 2.8654 -94.4347 
-1.7167 0.2697 2.7312 -179.5433 2.8662 -94.4355 
-1.7168 0.2697 2.7310 -179.5381 2.8629 -94.4284 
-1.7167 0.2697 2.7310 -179.5371 2.8620 -94.4277 
-1.7168 0.2697 2.7311 -179.5368 2.8616 -94.4280 
-1.7168 0.2697 2.7311 -179.5359 2.8619 -94.4266 
-1.7167 0.2698 2.7310 -179.5374 2.8626 -94.4277 
-1.7166 0.2697 2.7310 -179.5413 2.8626 -94.4283 
-1.7166 0.2697 2.7310 -179.5404 2.8619 -94.4271 
-1.7166 0.2697 2.7310 -179.5383 2.8625 -94.4251 
-1.7165 0.2698 2.7309 -179.5379 2.8626 -94.4230 
-1.7168 0.2697 2.7311 -179.5372 2.8619 -94.4276 
-1.7168 0.2697 2.7311 -179.5365 2.8615 -94.4244 
-1.7166 0.2698 2.7309 -179.5354 2.8600 -94.4216 
-1.7166 0.2698 2.7309 -179.5356 2.8602 -94.4215 
-1.7166 0.2699 2.7309 -179.5365 2.8599 -94.4220 
-1.7166 0.2699 2.7309 -179.5367 2.8604 -94.4268 
-1.7166 0.2699 2.7309 -179.5374 2.8606 -94.4268 
-1.7168 0.2698 2.7307 -179.5265 2.8571 -94.4097 
-1.7168 0.2698 2.7307 -179.5263 2.8573 -94.4110 
-1.7171 0.2698 2.7309 -179.5272 2.8562 -94.4119 
-1.7171 0.2698 2.7309 -179.5259 2.8563 -94.4141 
-1.7168 0.2699 2.7308 -179.5317 2.8564 -94.4189 
-1.7168 0.2699 2.7308 -179.5308 2.8571 -94.4162 
-1.7168 0.2698 2.7308 -179.5322 2.8577 -94.4130 
-1.7168 0.2698 2.7308 -179.5332 2.8578 -94.4164 
-1.7172 0.2697 2.7309 -179.5304 2.8586 -94.4145 
-1.7172 0.2697 2.7309 -179.5294 2.8585 -94.4143 
-1.7172 0.2695 2.7309 -179.5289 2.8598 -94.4130 
-1.7171 0.2696 2.7308 -179.5281 2.8601 -94.4142 
-1.7171 0.2696 2.7308 -179.5279 2.8608 -94.4155 
-1.7172 0.2695 2.7309 -179.5305 2.8611 -94.4179 
-1.7172 0.2695 2.7308 -179.5297 2.8586 -94.4137 
-1.7173 0.2694 2.7309 -179.5280 2.8603 -94.4118 
-1.7173 0.2694 2.7309 -179.5258 2.8607 -94.4135 
-1.7174 0.2693 2.7309 -179.5268 2.8607 -94.4135 
-1.7174 0.2693 2.7309 -179.5300 2.8605 -94.4154 
-1.7174 0.2693 2.7309 -179.5293 2.8609 -94.4131 
-1.7176 0.2692 2.7310 -179.5282 2.8601 -94.4110 
-1.7178 0.2691 2.7311 -179.5215 2.8606 -94.4144 
-1.7178 0.2691 2.7311 -179.5257 2.8595 -94.4165 
-1.7177 0.2691 2.7310 -179.5295 2.8610 -94.4201 
-1.7177 0.2691 2.7310 -179.5267 2.8623 -94.4175 
-1.7177 0.2691 2.7311 -179.5237 2.8620 -94.4186 
-1.7177 0.2691 2.7311 -179.5253 2.8633 -94.4211 
-1.7172 0.2693 2.7308 -179.5350 2.8655 -94.4324 
-1.7172 0.2693 2.7308 -179.5334 2.8654 -94.4276 
-1.7171 0.2695 2.7308 -179.5300 2.8656 -94.4267 
-1.7171 0.2695 2.7308 -179.5285 2.8659 -94.4272 
-1.7168 0.2695 2.7308 -179.5367 2.8656 -94.4392 
-1.7168 0.2695 2.7308 -179.5387 2.8649 -94.4412 
-1.7172 0.2695 2.7310 -179.5335 2.8645 -94.4409 
-1.7172 0.2695 2.7311 -179.5304 2.8654 -94.4361 
-1.7172 0.2695 2.7311 -179.5332 2.8664 -94.4435 
-1.7172 0.2695 2.7311 -179.5343 2.8667 -94.4455 
-1.7173 0.2694 2.7312 -179.5355 2.8660 -94.4476 
-1.7173 0.2694 2.7313 -179.5350 2.8649 -94.4440 
-1.7173 0.2694 2.7312 -179.5290 2.8667 -94.4392 
-1.7173 0.2694 2.7312 -179.5300 2.8660 -94.4405 
-1.7174 0.2693 2.7312 -179.5321 2.8654 -94.4413 
-1.7174 0.2693 2.7312 -179.5309 2.8647 -94.4402 
-1.7173 0.2693 2.7311 -179.5305 2.8653 -94.4398 
-1.7174 0.2693 2.7312 -179.5263 2.8660 -94.4395 
-1.7174 0.2693 2.7312 -179.5303 2.8668 -94.4463 
-1.7174 0.2693 2.7312 -179.5303 2.8667 -94.4454 
-1.7173 0.2693 2.7313 -179.5354 2.8656 -94.4520 
-1.7173 0.2693 2.7313 -179.5325 2.8657 -94.4481 
-1.7174 0.2694 2.7314 -179.5322 2.8654 -94.4509 
-1.7175 0.2694 2.7312 -179.5280 2.8629 -94.4444 
-1.7175 0.2694 2.7312 -179.5286 2.8623 -94.4429 
-1.7175 0.2694 2.7312 -179.5270 2.8612 -94.4414 
-1.7177 0.2692 2.7313 -179.5227 2.8632 -94.4395 
-1.7177 0.2692 2.7313 -179.5250 2.8630 -94.4409 
-1.7174 0.2693 2.7312 -179.5281 2.8623 -94.4475 
-1.7174 0.2693 2.7312 -179.5295 2.8618 -94.4437 
-1.7176 0.2692 2.7313 -179.5239 2.8611 -94.4434 
-1.7172 0.2693 2.7312 -179.5246 2.8640 -94.4484 
-1.7172 0.2693 2.7312 -179.5290 2.8631 -94.4534 
-1.7173 0.2693 2.7313 -179.5309 2.8624 -94.4531 
-1.7173 0.2693 2.7313 -179.5294 2.8628 -94.4464 
-1.7172 0.2693 2.7313 -179.5306 2.8636 -94.4471 
-1.7172 0.2693 2.7313 -179.5289 2.8630 -94.4495 
-1.7172 0.2694 2.7313 -179.5320 2.8639 -94.4526 
-1.7172 0.2694 2.7313 -179.5341 2.8633 -94.4532 
-1.7170 0.2695 2.7312 -179.5305 2.8648 -94.4505 
-1.7170 0.2696 2.7312 -179.5303 2.8650 -94.4503 
-1.7170 0.2695 2.7313 -179.5313 2.8652 -94.4519 
-1.7170 0.2695 2.7313 -179.5336 2.8643 -94.4541 
-1.7168 0.2696 2.7311 -179.5338 2.8625 -94.4532 
-1.7168 0.2696 2.7311 -179.5312 2.8637 -94.4488 
-1.7168 0.2695 2.7312 -179.5313 2.8643 -94.4482 
-1.7168 0.2695 2.7312 -179.5304 2.8620 -94.4495 
-1.7170 0.2695 2.7312 -179.5325 2.8630 -94.4514 
-1.7170 0.2695 2.7313 -179.5322 2.8615 -94.4482 
-1.7171 0.2694 2.7314 -179.5298 2.8611 -94.4461 
-1.7171 0.2694 2.7314 -179.5272 2.8607 -94.4467 
-1.7173 0.2693 2.7313 -179.5224 2.8606 -94.4416 
-1.7173 0.2693 2.7313 -179.5272 2.8609 -94.4442 
-1.7174 0.2693 2.7314 -179.5277 2.8610 -94.4451 
-1.7174 0.2693 2.7314 -179.5240 2.8618 -94.4408 
-1.7175 0.2693 2.7312 -179.5187 2.8596 -94.4339 
-1.7175 0.2693 2.7312 -179.5198 2.8595 -94.4391 
-1.7178 0.2693 2.7314 -179.5175 2.8595 -94.4417 
-1.7178 0.2693 2.7314 -179.5195 2.8578 -94.4378 
-1.7177 0.2693 2.7315 -179.5214 2.8578 -94.4419 
-1.7177 0.2693 2.7315 -179.5216 2.8578 -94.4415 
-1.7177 0.2693 2.7314 -179.5265 2.8574 -94.4430 
-1.7177 0.2693 2.7314 -179.5274 2.8568 -94.4436 
-1.7175 0.2694 2.7314 -179.5271 2.8575 -94.4424 
-1.7175 0.2694 2.7314 -179.5260 2.8590 -94.4398 
-1.7176 0.2694 2.7314 -179.5279 2.8596 -94.4452 
-1.7176 0.2694 2.7314 -179.5282 2.8601 -94.4464 
-1.7173 0.2695 2.7314 -179.5341 2.8598 -94.4510 
-1.7173 0.2695 2.7314 -179.5308 2.8601 -94.4462 
-1.7174 0.2695 2.7314 -179.5276 2.8598 -94.4472 
-1.7176 0.2694 2.7314 -179.5247 2.8577 -94.4417 
-1.7177 0.2694 2.7314 -179.5253 2.8593 -94.4438 
-1.7177 0.2694 2.7314 -179.5246 2.8579