-0.05 -0.00 0.03
-0.05 -0.00 0.03
-0.05 -0.00 0.07
-0.04 -0.00 0.21
-0.03 -0.00 0.36
-0.02 -0.00 0.66
-0.01 -0.00 0.82
-0.00 -0.00 0.97
0.00 0.00 1.12
0.01 0.00 1.27
0.01 0.00 1.42
0.01 0.00 1.57
0.01 0.00 1.72
0.01 0.00 1.87
0.01 0.00 2.02
0.00 0.00 2.17
-0.00 0.00 2.33
-0.01 0.00 2.48
-0.02 0.00 2.63
-0.03 0.00 2.78
-0.04 0.00 2.93
-0.05 0.00 3.04
-0.05 0.00 3.04
-0.05 0.00 3.04
-0.05 0.00 3.04
-0.05 0.00 3.04
-0.05 0.00 3.04
-0.05 0.00 3.04
-0.05 0.00 3.04
-0.05 0.00 3.04
-0.05 0.00 3.04
-0.05 0.00 3.04
-0.05 0.00 3.04
-0.05 0.00 3.04
-0.05 0.00 3.04
-0.05 0.00 3.04
-0.05 0.00 3.04
-0.05 0.00 3.04
-0.05 0.00 3.04
-0.05 0.00 3.04
-0.05 0.00 3.04
-0.05 0.00 3.04
-0.05 0.00 3.04
-0.05 0.00 3.04
-0.05 0.00 3.04
-0.05 0.00 3.04
-0.05 0.00 3.04
-0.05 0.00 3.04
-0.05 0.00 3.04
-0.05 0.00 3.04
-0.05 0.00 3.04
-0.05 0.00 3.04
-0.05 0.00 3.04
-0.05 0.00 3.04
-0.05 0.00 3.04
-0.05 0.00 3.04
-0.05 0.00 3.04
-0.05 0.00 3.04
-0.05 0.00 3.04
-0.05 0.00 3.04
-0.05 0.00 3.04
-0.05 0.00 3.04
-0.05 0.00 3.04
-0.05 0.00 3.04
-0.05 0.00 3.04
-0.05 0.00 3.04
-0.05 0.00 3.04
-0.05 0.00 3.03
-0.05 0.00 3.04
-0.07 0.00 3.04
-0.07 0.00 3.03
-0.07 0.00 3.03
-0.07 0.00 3.03
-0.07 0.00 3.04
-0.07 0.00 3.05
