-0.05 0.00 0.01
-0.05 0.00 0.05
-0.04 0.00 0.13
-0.04 0.00 0.21
-0.03 0.00 0.28
-0.03 0.00 0.36
-0.02 0.00 0.43
-0.02 0.00 0.51
-0.01 0.00 0.58
-0.01 0.00 0.66
-0.00 0.00 0.74
-0.00 0.00 0.81
0.00 0.00 0.89
0.00 0.00 0.96
0.01 0.00 1.04
0.01 0.00 1.11
0.01 0.00 1.19
0.01 0.00 1.27
0.01 -0.00 1.34
0.02 -0.00 1.42
0.02 -0.00 1.49
0.02 -0.00 1.57
0.02 -0.00 1.64
0.02 -0.00 1.72
0.02 -0.00 1.79
0.02 -0.00 1.87
0.01 -0.00 1.94
0.01 -0.00 2.02
0.01 -0.00 2.09
0.01 -0.00 2.17
0.01 -0.00 2.25
0.00 -0.00 2.32
-0.00 -0.00 2.40
-0.00 -0.00 2.47
-0.01 -0.00 2.55
-0.01 -0.00 2.62
-0.02 -0.00 2.69
-0.02 -0.00 2.77
-0.03 -0.00 2.85
-0.03 -0.00 2.93
-0.04 -0.00 3.00
-0.04 -0.00 3.02
-0.04 -0.00 3.03
-0.04 -0.00 3.03
-0.04 -0.00 3.03
-0.04 -0.00 3.03
-0.04 -0.00 3.03
-0.04 -0.00 3.03
-0.04 -0.00 3.03
-0.04 -0.00 3.03
-0.04 -0.00 3.03
-0.04 -0.00 3.03
-0.04 -0.00 3.03
-0.04 -0.00 3.03
-0.04 -0.00 3.03
-0.04 -0.00 3.03
-0.04 -0.00 3.03
-0.04 -0.00 3.03
-0.04 -0.00 3.02
-0.04 -0.00 3.03
-0.04 -0.00 3.04
-0.04 -0.00 3.03
-0.04 -0.00 3.03
-0.04 -0.00 3.03
-0.04 -0.00 3.03
-0.04 -0.00 3.03
-0.04 -0.00 3.03
-0.04 -0.00 3.03
-0.04 -0.00 3.03
-0.04 -0.00 3.03
-0.04 -0.00 3.03
-0.04 -0.00 3.03
-0.04 -0.00 3.03
-0.04 -0.00 3.03
-0.04 -0.00 3.03
-0.04 -0.00 3.03
-0.04 -0.00 3.03
-0.04 -0.00 3.03
-0.04 -0.00 3.03
-0.04 -0.00 3.04
-0.04 -0.00 3.03
-0.04 -0.00 3.03
-0.04 -0.00 3.03
-0.03 -0.00 3.03
-0.03 -0.00 3.03
-0.03 -0.00 3.03
-0.04 -0.00 3.03
-0.03 -0.00 3.02
-0.03 -0.00 3.02
-0.03 -0.00 3.02
-0.03 -0.00 3.02
-0.04 -0.00 3.03
-0.04 -0.00 3.03
-0.03 -0.00 3.02
-0.04 -0.00 3.03
-0.04 -0.00 3.03
-0.04 -0.00 3.03
-0.02 -0.00 3.02
0.04 -0.00 3.04
0.12 -0.00 3.05
0.19 -0.00 3.08
0.27 -0.00 3.09
0.34 -0.00 3.11
0.41 -0.00 3.13
0.48 -0.00 3.16
0.56 -0.00 3.18
0.63 -0.00 3.20
0.70 -0.00 3.21
0.78 -0.00 3.24
0.85 -0.00 3.26
0.90 -0.00 3.27
0.92 -0.00 3.29
0.92 -0.00 3.29
0.92 -0.00 3.29
0.92 -0.00 3.29
0.92 -0.00 3.29
0.92 -0.00 3.29
0.92 -0.00 3.29
0.92 -0.00 3.29
0.92 -0.00 3.29
0.92 -0.00 3.29
0.92 -0.00 3.29
0.92 -0.00 3.29
0.92 -0.00 3.29
0.92 -0.00 3.29
0.92 -0.00 3.28
0.92 -0.00 3.28
0.92 -0.00 3.29
0.91 -0.00 3.27
0.91 -0.00 3.27
0.91 -0.00 3.29
0.91 -0.00 3.28
0.91 -0.00 3.26
0.90 -0.00 3.26
0.91 -0.00 3.27
0.91 -0.00 3.28
0.91 -0.00 3.28
0.91 -0.00 3.28
0.90 -0.00 3.28
0.91 -0.00 3.28
0.91 -0.00 3.28
0.91 -0.00 3.28
0.91 -0.00 3.28
0.91 -0.00 3.28
0.91 -0.00 3.28
0.90 -0.00 3.28
0.90 -0.00 3.28
0.91 -0.00 3.27
0.92 -0.00 3.24
0.93 -0.00 3.16
0.95 -0.00 3.08
0.97 -0.00 3.01
0.99 -0.00 2.94
1.01 -0.00 2.87
1.03 -0.00 2.79
1.05 -0.00 2.73
1.07 -0.00 2.65
1.09 -0.00 2.57
1.12 -0.00 2.50
1.14 -0.00 2.43
1.16 -0.00 2.36
1.18 -0.00 2.28
1.21 -0.00 2.21
1.23 -0.00 2.14
1.25 -0.00 2.07
1.27 -0.00 1.99
1.30 -0.00 1.92
1.32 -0.00 1.85
1.35 -0.00 1.78
1.37 -0.00 1.71
1.40 -0.00 1.64
1.42 -0.00 1.57
1.45 -0.00 1.50
1.48 -0.00 1.43
1.50 -0.00 1.37
1.51 -0.00 1.35
1.51 -0.00 1.35
1.51 -0.00 1.35
1.51 -0.00 1.35
1.51 -0.00 1.35
1.51 -0.00 1.35
1.51 -0.00 1.35
1.51 -0.00 1.35
1.51 -0.00 1.35
1.51 -0.00 1.35
1.51 -0.00 1.35
1.51 -0.00 1.35
1.51 -0.00 1.35
1.51 -0.00 1.35
1.51 -0.00 1.35
1.51 -0.00 1.35
1.51 -0.00 1.35
1.51 -0.00 1.35
1.51 -0.00 1.35
1.51 -0.00 1.35
1.51 -0.00 1.35
1.51 -0.00 1.35
1.51 -0.00 1.35
1.51 -0.00 1.35
1.51 -0.00 1.35
1.51 -0.00 1.35
1.51 -0.00 1.35
1.51 -0.00 1.35
1.50 -0.00 1.35
1.50 -0.00 1.35
1.51 -0.00 1.35
1.50 -0.00 1.35
1.50 -0.00 1.35
1.50 -0.00 1.35
1.50 -0.00 1.35
1.50 -0.00 1.35
1.50 -0.00 1.35
1.50 -0.00 1.35
1.50 -0.00 1.36
1.50 -0.00 1.36
1.50 -0.00 1.36
1.50 -0.00 1.36
1.50 -0.00 1.36
1.50 -0.00 1.36
1.50 -0.00 1.36
1.46 -0.00 1.35
1.39 -0.00 1.33
1.31 -0.00 1.30
1.24 -0.00 1.28
1.17 -0.00 1.25
1.10 -0.00 1.23
1.03 -0.00 1.21
0.96 -0.00 1.18
0.88 -0.00 1.16
0.81 -0.00 1.13
0.74 -0.00 1.11
0.67 -0.00 1.08
0.60 -0.00 1.06
0.56 -0.00 1.04
0.56 -0.00 1.04
0.56 -0.00 1.04
0.56 -0.00 1.04
0.56 -0.00 1.04
0.56 -0.00 1.04
0.56 -0.00 1.04
0.56 -0.00 1.04
0.56 -0.00 1.04
0.56 -0.00 1.04
0.56 -0.00 1.04
0.56 -0.00 1.04
0.56 -0.00 1.04
0.56 -0.00 1.04
0.56 -0.00 1.04
0.56 -0.00 1.04
0.56 -0.00 1.04
0.56 -0.00 1.04
0.56 -0.00 1.04
0.56 -0.00 1.04
0.56 -0.00 1.04
0.56 -0.00 1.04
0.56 -0.00 1.04
0.56 -0.00 1.04
0.56 -0.00 1.04
0.56 -0.00 1.04
0.56 -0.00 1.04
0.56 -0.00 1.04
0.56 -0.00 1.04
0.56 -0.00 1.04
0.56 -0.00 1.04
0.56 -0.00 1.04
0.56 -0.00 1.04
0.56 -0.00 1.04
0.56 -0.00 1.04
0.56 -0.00 1.04
0.56 -0.00 1.04
0.56 -0.00 1.04
0.56 -0.00 1.04
0.56 -0.00 1.04
0.56 -0.00 1.04
0.56 -0.00 1.04
0.56 -0.00 1.04
0.56 -0.00 1.04
0.56 -0.00 1.04
0.56 -0.00 1.04
0.56 -0.00 1.04
0.56 -0.00 1.04
0.56 -0.00 1.04
0.56 -0.00 1.04
0.56 -0.00 1.04
0.56 -0.00 1.04
0.56 -0.00 1.04
0.56 -0.00 1.04
0.56 -0.00 1.04
0.56 -0.00 1.04
0.56 -0.00 1.04
0.56 -0.00 1.04
0.56 -0.00 1.04
0.56 -0.00 1.04
0.56 -0.00 1.04
0.56 -0.00 1.04
0.56 -0.00 1.04
0.56 -0.00 1.04
0.56 -0.00 1.04
0.56 -0.00 1.04
0.56 -0.00 1.04
0.56 -0.00 1.04
0.56 -0.00 1.04
0.56 -0.00 1.04
0.56 -0.00 1.04
0.56 -0.00 1.04
0.56 -0.00 1.04
0.56 -0.00 1.04
0.56 -0.00 1.04
0.56 -0.00 1.04
0.56 -0.00 1.04
0.56 -0.00 1.04
0.56 -0.00 1.04
0.56 -0.00 1.04
0.56 -0.00 1.04
0.56 -0.00 1.04
0.56 -0.00 1.04
0.56 -0.00 1.04
0.56 -0.00 1.04
0.56 -0.00 1.04
0.56 -0.00 1.04
0.56 -0.00 1.04
0.56 -0.00 1.04
0.56 -0.00 1.04
0.56 -0.00 1.04
0.56 -0.00 1.04
0.56 -0.00 1.04
0.56 -0.00 1.04
0.56 -0.00 1.04
0.56 -0.00 1.04
0.56 -0.00 1.04
0.56 -0.00 1.04
0.56 -0.00 1.04
0.56 -0.00 1.04
0.56 -0.00 1.04
0.56 -0.00 1.04
0.56 -0.00 1.04
0.56 -0.00 1.04
0.56 -0.00 1.04
0.56 -0.00 1.04
0.56 -0.00 1.04
0.56 -0.00 1.04
